r2 <- r1 + r3
0000000 00011 00001 000 00010 0110011
0000 0000 0011 0000 1000 0001 0011 0011
00308133

r3 <- r2 + r2
0000000 00010 00010 000 00011 0110011
0000 0000 0010 0001 0000 0001 1011 0011
002101b3

r3 <- r2 + r1
0000000 00001 00010 000 00011 0110011
0000 0000 0001 0001 0000 0001 1011 0011
001101b3

r3 <- r1 + r3
0000000 00011 00001 000 00011 0110011
0000 0000 0011 0000 1000 0001 1011 0011
003081b3

r2 <- (r0 + 8)
000000001000 00000 010 00010 0000011
0000 0000 1000 0000 0010 0001 0000 0011
00802103

r1 <- (r0 + 8)
000000001000 00000 010 00001 0000011
0000 0000 1000 0000 0010 0000 1000 0011
00802083
